%YAML:1.0
---
R: !!opencv-matrix
   rows: 3
   cols: 3
   dt: d
   data: [ 9.9742594331521173e-01, -2.1522724466944969e-02,
       -6.8397806494653476e-02, 1.7588052574171731e-02,
       9.9818383900194840e-01, -5.7616698638333519e-02,
       6.9513653395633465e-02, 5.6265405773462090e-02,
       9.9599300002798186e-01 ]
T: !!opencv-matrix
   rows: 3
   cols: 1
   dt: d
   data: [ -8.1067643787707091e+00, 1.5390526736902022e-01,
       -1.5026297372488342e+00 ]
R1: !!opencv-matrix
   rows: 3
   cols: 3
   dt: d
   data: [ 9.9288877069573289e-01, -2.9535644608588051e-02,
       1.1532360870121799e-01, 3.2937983548763962e-02,
       9.9907322553464939e-01, -2.7708829992133515e-02,
       -1.1439833157025421e-01, 3.1310313274491304e-02,
       9.9294143131233836e-01 ]
R2: !!opencv-matrix
   rows: 3
   cols: 3
   dt: d
   data: [ 9.8308082438692546e-01, -1.8663588831919480e-02,
       1.8221899784225615e-01, 1.3245644748537747e-02,
       9.9943455400185610e-01, 3.0905099292938280e-02,
       -1.8269276290515352e-01, -2.7968602378808459e-02,
       9.8277215653632422e-01 ]
P1: !!opencv-matrix
   rows: 3
   cols: 4
   dt: d
   data: [ 7.5683636945895742e+01, 0., -7.2345673370361328e+02, 0., 0.,
       7.5683636945895742e+01, 2.6679401397705078e+01, 0., 0., 0., 1.,
       0. ]
P2: !!opencv-matrix
   rows: 3
   cols: 4
   dt: d
   data: [ 7.5683636945895742e+01, 0., -7.2345673370361328e+02,
       -6.2410881875498649e+02, 0., 7.5683636945895742e+01,
       2.6679401397705078e+01, 0., 0., 0., 1., 0. ]
Q: !!opencv-matrix
   rows: 4
   cols: 4
   dt: d
   data: [ 1., 0., 0., 7.2345673370361328e+02, 0., 1., 0.,
       -2.6679401397705078e+01, 0., 0., 0., 7.5683636945895742e+01, 0.,
       0., 1.2126673213314701e-01, 0. ]
