%YAML:1.0
---
M1: !!opencv-matrix
   rows: 3
   cols: 3
   dt: d
   data: [ 3.4514630313867207e+02, 0., 1.5220039729452054e+02, 0.,
       3.4234743092800153e+02, 1.2623676203250841e+02, 0., 0., 1. ]
D1: !!opencv-matrix
   rows: 1
   cols: 14
   dt: d
   data: [ -1.2638833871969142e+00, 1.5035409945120753e+01, 0., 0., 0.,
       0., 0., 5.0753510090107618e+01, 0., 0., 0., 0., 0., 0. ]
M2: !!opencv-matrix
   rows: 3
   cols: 3
   dt: d
   data: [ 3.4514630313867207e+02, 0., 1.4770382367596164e+02, 0.,
       3.4234743092800153e+02, 1.1725518862374575e+02, 0., 0., 1. ]
D2: !!opencv-matrix
   rows: 1
   cols: 14
   dt: d
   data: [ -4.0078465541500181e+00, 4.7687697889334729e+01, 0., 0., 0.,
       0., 0., 2.4254720865492419e+02, 0., 0., 0., 0., 0., 0. ]
